[metadata]
addr = 0x127a
size = 0x138
last_change = 2024-01-20T06:11:45.757901Z

[header]
last_change = 2024-01-20T06:11:45.757901Z
name = "login"
addr = 0x127a
type = "long"

[stack_vars.-0x48]
last_change = 2024-01-20T05:30:21.545655Z
offset = -72
name = "password_buf"
size = 0x0
addr = 0x127a
