[0x205060]
last_change = 2024-01-20T05:03:23.769061Z
addr = 0x205060
name = "urandom_fd"
size = 0x8

[0x205078]
last_change = 2024-01-20T06:13:49.840810Z
addr = 0x205078
name = "user_list_tail"
size = 0x8

[0x205080]
last_change = 2024-01-20T05:43:57.102495Z
addr = 0x205080
name = "user_list_tail"
size = 0x8

[0x2050a0]
last_change = 2024-01-20T05:57:37.844430Z
addr = 0x2050a0
name = "products"
size = 0x40
